10
0 31 18 38 99 9 24 87 58 56
31 0 1 96 2 66 72 32 69 30
18 1 0 72 93 39 28 80 67 20
38 96 72 0 53 50 45 1 52 22
99 2 93 53 0 64 87 33 23 99
9 66 39 50 64 0 47 60 60 99
24 72 28 45 87 47 0 16 25 2
87 32 80 1 33 60 16 0 61 80
58 69 67 52 23 60 25 61 0 49
56 30 20 22 99 99 2 80 49 0 